300.000000 0.225679
301.000000 0.208841
302.000000 0.206720
303.000000 0.208056
304.000000 0.206325
305.000000 0.202263
306.000000 0.199265
307.000000 0.199974
308.000000 0.198966
309.000000 0.197766
310.000000 0.197451
311.000000 0.198924
312.000000 0.200011
313.000000 0.200231
314.000000 0.201844
315.000000 0.205716
316.000000 0.211145
317.000000 0.213469
318.000000 0.215394
319.000000 0.217511
320.000000 0.219486
321.000000 0.221861
322.000000 0.222916
323.000000 0.223899
324.000000 0.223823
325.000000 0.222677
326.000000 0.222168
327.000000 0.222036
328.000000 0.221855
329.000000 0.222826
330.000000 0.223197
331.000000 0.222734
332.000000 0.223781
333.000000 0.225381
334.000000 0.225604
335.000000 0.224947
336.000000 0.224447
337.000000 0.222098
338.000000 0.220793
339.000000 0.218126
340.000000 0.212960
341.000000 0.207113
342.000000 0.199613
343.000000 0.192153
344.000000 0.186241
345.000000 0.181241
346.000000 0.176926
347.000000 0.173787
348.000000 0.167777
349.000000 0.164521
350.000000 0.164418
351.000000 0.162491
352.000000 0.160615
353.000000 0.160152
354.000000 0.160770
355.000000 0.161601
356.000000 0.161317
357.000000 0.161962
358.000000 0.164846
359.000000 0.165414
360.000000 0.168895
361.000000 0.171382
362.000000 0.172263
363.000000 0.175747
364.000000 0.180348
365.000000 0.186673
366.000000 0.191173
367.000000 0.193472
368.000000 0.196757
369.000000 0.200863
370.000000 0.205268
371.000000 0.209308
372.000000 0.212875
373.000000 0.217342
374.000000 0.221168
375.000000 0.225730
376.000000 0.230776
377.000000 0.234598
378.000000 0.239488
379.000000 0.245823
380.000000 0.250405
381.000000 0.253469
382.000000 0.256731
383.000000 0.260382
384.000000 0.265277
385.000000 0.268759
386.000000 0.272125
387.000000 0.276042
388.000000 0.280844
389.000000 0.286765
390.000000 0.289491
391.000000 0.294261
392.000000 0.300359
393.000000 0.302499
394.000000 0.304117
395.000000 0.307531
396.000000 0.312017
397.000000 0.315744
398.000000 0.319078
399.000000 0.322995
400.000000 0.326898
401.000000 0.330295
402.000000 0.331071
403.000000 0.333764
404.000000 0.336018
405.000000 0.335887
406.000000 0.337165
407.000000 0.340566
408.000000 0.344998
409.000000 0.346706
410.000000 0.347497
411.000000 0.350568
412.000000 0.356221
413.000000 0.359164
414.000000 0.360493
415.000000 0.361165
416.000000 0.362896
417.000000 0.366536
418.000000 0.368579
419.000000 0.369198
420.000000 0.369992
421.000000 0.370944
422.000000 0.373558
423.000000 0.374974
424.000000 0.374581
425.000000 0.377530
426.000000 0.379961
427.000000 0.378613
428.000000 0.377440
429.000000 0.378262
430.000000 0.379664
431.000000 0.381258
432.000000 0.380729
433.000000 0.380378
434.000000 0.380717
435.000000 0.381303
436.000000 0.380849
437.000000 0.380586
438.000000 0.382698
439.000000 0.382553
440.000000 0.381371
441.000000 0.381603
442.000000 0.382667
443.000000 0.381295
444.000000 0.379591
445.000000 0.378686
446.000000 0.377077
447.000000 0.377743
448.000000 0.377552
449.000000 0.375501
450.000000 0.373070
451.000000 0.368744
452.000000 0.365784
453.000000 0.365732
454.000000 0.364371
455.000000 0.362670
456.000000 0.360299
457.000000 0.357750
458.000000 0.355858
459.000000 0.353276
460.000000 0.350901
461.000000 0.348511
462.000000 0.348724
463.000000 0.347187
464.000000 0.343953
465.000000 0.342513
466.000000 0.340346
467.000000 0.339474
468.000000 0.338800
469.000000 0.336973
470.000000 0.335619
471.000000 0.335216
472.000000 0.333397
473.000000 0.331427
474.000000 0.330743
475.000000 0.328431
476.000000 0.325699
477.000000 0.324115
478.000000 0.323131
479.000000 0.321903
480.000000 0.317742
481.000000 0.312629
482.000000 0.310380
483.000000 0.308757
484.000000 0.306781
485.000000 0.304398
486.000000 0.302753
487.000000 0.299982
488.000000 0.296048
489.000000 0.295141
490.000000 0.293898
491.000000 0.294107
492.000000 0.293245
493.000000 0.290769
494.000000 0.289751
495.000000 0.288764
496.000000 0.289511
497.000000 0.289833
498.000000 0.288948
499.000000 0.289108
500.000000 0.291268
501.000000 0.291804
502.000000 0.290115
503.000000 0.290141
504.000000 0.292309
505.000000 0.294600
506.000000 0.295079
507.000000 0.294385
508.000000 0.295968
509.000000 0.297303
510.000000 0.298100
511.000000 0.299820
512.000000 0.301259
513.000000 0.302107
514.000000 0.301539
515.000000 0.301048
516.000000 0.299741
517.000000 0.299589
518.000000 0.299939
519.000000 0.298572
520.000000 0.298956
521.000000 0.298120
522.000000 0.295636
523.000000 0.293878
524.000000 0.291279
525.000000 0.288396
526.000000 0.286561
527.000000 0.284938
528.000000 0.282338
529.000000 0.280212
530.000000 0.279137
531.000000 0.277923
532.000000 0.274789
533.000000 0.270180
534.000000 0.267946
535.000000 0.266059
536.000000 0.261825
537.000000 0.258953
538.000000 0.257281
539.000000 0.254735
540.000000 0.252133
541.000000 0.249931
542.000000 0.247970
543.000000 0.245170
544.000000 0.240645
545.000000 0.237748
546.000000 0.235995
547.000000 0.234153
548.000000 0.231545
549.000000 0.228092
550.000000 0.223539
551.000000 0.219240
552.000000 0.215819
553.000000 0.211425
554.000000 0.207869
555.000000 0.202831
556.000000 0.198173
557.000000 0.193779
558.000000 0.187932
559.000000 0.182939
560.000000 0.177527
561.000000 0.171927
562.000000 0.166800
563.000000 0.159272
564.000000 0.151666
565.000000 0.145956
566.000000 0.141234
567.000000 0.136760
568.000000 0.130534
569.000000 0.123771
570.000000 0.116041
571.000000 0.109518
572.000000 0.105596
573.000000 0.100810
574.000000 0.093971
575.000000 0.087508
576.000000 0.081342
577.000000 0.075234
578.000000 0.068528
579.000000 0.062569
580.000000 0.058878
581.000000 0.055236
582.000000 0.051517
583.000000 0.047744
584.000000 0.042295
585.000000 0.037697
586.000000 0.035251
587.000000 0.032815
588.000000 0.029021
589.000000 0.026410
590.000000 0.026107
591.000000 0.022502
592.000000 0.017984
593.000000 0.016537
594.000000 0.016778
595.000000 0.014404
596.000000 0.013245
597.000000 0.012740
598.000000 0.010999
599.000000 0.010445
600.000000 0.010084
601.000000 0.009174
602.000000 0.009389
603.000000 0.009234
604.000000 0.007051
605.000000 0.003990
606.000000 0.003549
607.000000 0.004964
608.000000 0.004683
609.000000 0.003672
610.000000 0.002236
611.000000 0.002458
612.000000 0.001517
613.000000 0.000689
614.000000 0.001094
615.000000 -0.000391
616.000000 -0.002563
617.000000 -0.003583
618.000000 -0.002267
619.000000 -0.001729
620.000000 -0.002295
621.000000 -0.001694
622.000000 -0.001127
623.000000 -0.000304
624.000000 -0.001551
625.000000 -0.002923
626.000000 -0.002724
627.000000 -0.001726
628.000000 -0.000943
629.000000 -0.001321
630.000000 -0.001399
631.000000 -0.000369
632.000000 -0.001502
633.000000 -0.003366
634.000000 -0.002736
635.000000 -0.001561
636.000000 -0.001299
637.000000 -0.001520
638.000000 -0.001849
639.000000 -0.003351
640.000000 -0.004275
641.000000 -0.003476
642.000000 -0.003439
643.000000 -0.001927
644.000000 -0.000784
645.000000 -0.002374
646.000000 -0.001759
647.000000 -0.003414
648.000000 -0.005302
649.000000 -0.005186
650.000000 -0.003477
651.000000 -0.001048
652.000000 -0.002389
653.000000 -0.002446
654.000000 -0.001369
655.000000 -0.000918
656.000000 -0.001455
657.000000 -0.002578
658.000000 -0.002757
659.000000 -0.002802
660.000000 -0.002353
661.000000 -0.002874
662.000000 -0.004123
663.000000 -0.004567
664.000000 -0.004214
665.000000 -0.004768
666.000000 -0.005828
667.000000 -0.004420
668.000000 -0.004192
669.000000 -0.004717
670.000000 -0.003045
671.000000 -0.003002
672.000000 -0.004912
673.000000 -0.005518
674.000000 -0.004864
675.000000 -0.004002
676.000000 -0.002334
677.000000 -0.002547
678.000000 -0.002735
679.000000 -0.001977
680.000000 -0.002117
681.000000 -0.003174
682.000000 -0.002651
683.000000 -0.001692
684.000000 -0.001804
685.000000 -0.002481
686.000000 -0.003900
687.000000 -0.003997
688.000000 -0.003772
689.000000 -0.001888
690.000000 -0.000530
691.000000 -0.001653
692.000000 -0.001841
693.000000 -0.000931
694.000000 -0.001821
695.000000 -0.002649
696.000000 -0.001737
697.000000 -0.002604
698.000000 -0.004381
699.000000 -0.005226
700.000000 -0.007562
