300.000000 0.086234
301.000000 0.070337
302.000000 0.068487
303.000000 0.064724
304.000000 0.062456
305.000000 0.060947
306.000000 0.056185
307.000000 0.057148
308.000000 0.057938
309.000000 0.056597
310.000000 0.055455
311.000000 0.054109
312.000000 0.053746
313.000000 0.053136
314.000000 0.051908
315.000000 0.051399
316.000000 0.052524
317.000000 0.054167
318.000000 0.054231
319.000000 0.052705
320.000000 0.053818
321.000000 0.056096
322.000000 0.058601
323.000000 0.059095
324.000000 0.058937
325.000000 0.059416
326.000000 0.058992
327.000000 0.058885
328.000000 0.060886
329.000000 0.062010
330.000000 0.061604
331.000000 0.063837
332.000000 0.067393
333.000000 0.069485
334.000000 0.070341
335.000000 0.071352
336.000000 0.073302
337.000000 0.076033
338.000000 0.079230
339.000000 0.081206
340.000000 0.082379
341.000000 0.083531
342.000000 0.083680
343.000000 0.085770
344.000000 0.090242
345.000000 0.092919
346.000000 0.093638
347.000000 0.095877
348.000000 0.098128
349.000000 0.101320
350.000000 0.104345
351.000000 0.107081
352.000000 0.109799
353.000000 0.113109
354.000000 0.118202
355.000000 0.122361
356.000000 0.124235
357.000000 0.128220
358.000000 0.133969
359.000000 0.136811
360.000000 0.141417
361.000000 0.144140
362.000000 0.145678
363.000000 0.149661
364.000000 0.156522
365.000000 0.164041
366.000000 0.169199
367.000000 0.172719
368.000000 0.178000
369.000000 0.184670
370.000000 0.189926
371.000000 0.194754
372.000000 0.199028
373.000000 0.204622
374.000000 0.209572
375.000000 0.214908
376.000000 0.221447
377.000000 0.227060
378.000000 0.231214
379.000000 0.236174
380.000000 0.241818
381.000000 0.247459
382.000000 0.252919
383.000000 0.257089
384.000000 0.261917
385.000000 0.267796
386.000000 0.272756
387.000000 0.276527
388.000000 0.281985
389.000000 0.287524
390.000000 0.291033
391.000000 0.295782
392.000000 0.299729
393.000000 0.304597
394.000000 0.310188
395.000000 0.313538
396.000000 0.317645
397.000000 0.321267
398.000000 0.325467
399.000000 0.328955
400.000000 0.333165
401.000000 0.338112
402.000000 0.340043
403.000000 0.343297
404.000000 0.347415
405.000000 0.349147
406.000000 0.349670
407.000000 0.354325
408.000000 0.359713
409.000000 0.361429
410.000000 0.363183
411.000000 0.365512
412.000000 0.367671
413.000000 0.369635
414.000000 0.370873
415.000000 0.370624
416.000000 0.371050
417.000000 0.372385
418.000000 0.374934
419.000000 0.377142
420.000000 0.378345
421.000000 0.375932
422.000000 0.373569
423.000000 0.373169
424.000000 0.372359
425.000000 0.374867
426.000000 0.376029
427.000000 0.373241
428.000000 0.370777
429.000000 0.369522
430.000000 0.368099
431.000000 0.368010
432.000000 0.366732
433.000000 0.364954
434.000000 0.364374
435.000000 0.363941
436.000000 0.363089
437.000000 0.361853
438.000000 0.361676
439.000000 0.360133
440.000000 0.357158
441.000000 0.354583
442.000000 0.351809
443.000000 0.346883
444.000000 0.344023
445.000000 0.341345
446.000000 0.337141
447.000000 0.335107
448.000000 0.331375
449.000000 0.325529
450.000000 0.318981
451.000000 0.311546
452.000000 0.304967
453.000000 0.300422
454.000000 0.295060
455.000000 0.290037
456.000000 0.284728
457.000000 0.277323
458.000000 0.270810
459.000000 0.264730
460.000000 0.258210
461.000000 0.251953
462.000000 0.246715
463.000000 0.240953
464.000000 0.235102
465.000000 0.228606
466.000000 0.221394
467.000000 0.215735
468.000000 0.209577
469.000000 0.202792
470.000000 0.197419
471.000000 0.191989
472.000000 0.185082
473.000000 0.178853
474.000000 0.173682
475.000000 0.166650
476.000000 0.158770
477.000000 0.153004
478.000000 0.146979
479.000000 0.139086
480.000000 0.130766
481.000000 0.123298
482.000000 0.117649
483.000000 0.112579
484.000000 0.107558
485.000000 0.101714
486.000000 0.095102
487.000000 0.087160
488.000000 0.079080
489.000000 0.073989
490.000000 0.070228
491.000000 0.066461
492.000000 0.062284
493.000000 0.058345
494.000000 0.054262
495.000000 0.049551
496.000000 0.045827
497.000000 0.042736
498.000000 0.039913
499.000000 0.038513
500.000000 0.037173
501.000000 0.033306
502.000000 0.030237
503.000000 0.028899
504.000000 0.029594
505.000000 0.029705
506.000000 0.027047
507.000000 0.024938
508.000000 0.024309
509.000000 0.023568
510.000000 0.023575
511.000000 0.025380
512.000000 0.025030
513.000000 0.023481
514.000000 0.022469
515.000000 0.022782
516.000000 0.022845
517.000000 0.023482
518.000000 0.024902
519.000000 0.023403
520.000000 0.021009
521.000000 0.020588
522.000000 0.023254
523.000000 0.025783
524.000000 0.025028
525.000000 0.023778
526.000000 0.024520
527.000000 0.025280
528.000000 0.022978
529.000000 0.021991
530.000000 0.022934
531.000000 0.022320
532.000000 0.022534
533.000000 0.023417
534.000000 0.023621
535.000000 0.024339
536.000000 0.024410
537.000000 0.023782
538.000000 0.025491
539.000000 0.026407
540.000000 0.027525
541.000000 0.028989
542.000000 0.028298
543.000000 0.028445
544.000000 0.027785
545.000000 0.028129
546.000000 0.030571
547.000000 0.031916
548.000000 0.031392
549.000000 0.030631
550.000000 0.030115
551.000000 0.029803
552.000000 0.031332
553.000000 0.031905
554.000000 0.033106
555.000000 0.034223
556.000000 0.034374
557.000000 0.035190
558.000000 0.035416
559.000000 0.036625
560.000000 0.037989
561.000000 0.040068
562.000000 0.042226
563.000000 0.041092
564.000000 0.039437
565.000000 0.040470
566.000000 0.042687
567.000000 0.044936
568.000000 0.047074
569.000000 0.048219
570.000000 0.050284
571.000000 0.051629
572.000000 0.051521
573.000000 0.053155
574.000000 0.055439
575.000000 0.055916
576.000000 0.054626
577.000000 0.055279
578.000000 0.055797
579.000000 0.056897
580.000000 0.059577
581.000000 0.060576
582.000000 0.061649
583.000000 0.062115
584.000000 0.061178
585.000000 0.060775
586.000000 0.063102
587.000000 0.066225
588.000000 0.065783
589.000000 0.065321
590.000000 0.068759
591.000000 0.069296
592.000000 0.066997
593.000000 0.068054
594.000000 0.072309
595.000000 0.074502
596.000000 0.075770
597.000000 0.078318
598.000000 0.078842
599.000000 0.081278
600.000000 0.084218
601.000000 0.085382
602.000000 0.087310
603.000000 0.089717
604.000000 0.090896
605.000000 0.092485
606.000000 0.095901
607.000000 0.100389
608.000000 0.106026
609.000000 0.108904
610.000000 0.110794
611.000000 0.114551
612.000000 0.117630
613.000000 0.121316
614.000000 0.126468
615.000000 0.131070
616.000000 0.133769
617.000000 0.137822
618.000000 0.144077
619.000000 0.147443
620.000000 0.149889
621.000000 0.152995
622.000000 0.156937
623.000000 0.162647
624.000000 0.165162
625.000000 0.166885
626.000000 0.170287
627.000000 0.170717
628.000000 0.169484
629.000000 0.169904
630.000000 0.173275
631.000000 0.174414
632.000000 0.170489
633.000000 0.165558
634.000000 0.163255
635.000000 0.162219
636.000000 0.159453
637.000000 0.155696
638.000000 0.151829
639.000000 0.145758
640.000000 0.138069
641.000000 0.133172
642.000000 0.128884
643.000000 0.123145
644.000000 0.115887
645.000000 0.109774
646.000000 0.105205
647.000000 0.097181
648.000000 0.090811
649.000000 0.086834
650.000000 0.082096
651.000000 0.078828
652.000000 0.074392
653.000000 0.069347
654.000000 0.064430
655.000000 0.061052
656.000000 0.057926
657.000000 0.053782
658.000000 0.050669
659.000000 0.046983
660.000000 0.043820
661.000000 0.040146
662.000000 0.037082
663.000000 0.034889
664.000000 0.032840
665.000000 0.031124
666.000000 0.029342
667.000000 0.028378
668.000000 0.026016
669.000000 0.023694
670.000000 0.024331
671.000000 0.023342
672.000000 0.020029
673.000000 0.019489
674.000000 0.021621
675.000000 0.022055
676.000000 0.020891
677.000000 0.020132
678.000000 0.018758
679.000000 0.017549
680.000000 0.016492
681.000000 0.015664
682.000000 0.015541
683.000000 0.014965
684.000000 0.014875
685.000000 0.014094
686.000000 0.012404
687.000000 0.013145
688.000000 0.013620
689.000000 0.013698
690.000000 0.014123
691.000000 0.012609
692.000000 0.011232
693.000000 0.011662
694.000000 0.011191
695.000000 0.011331
696.000000 0.013283
697.000000 0.013572
698.000000 0.012306
699.000000 0.010930
700.000000 0.008417
