300.000000 0.097405
301.000000 0.082379
302.000000 0.078477
303.000000 0.071485
304.000000 0.066431
305.000000 0.063771
306.000000 0.061832
307.000000 0.062533
308.000000 0.060284
309.000000 0.057922
310.000000 0.056588
311.000000 0.054799
312.000000 0.056426
313.000000 0.056899
314.000000 0.055486
315.000000 0.057129
316.000000 0.060088
317.000000 0.060333
318.000000 0.059951
319.000000 0.062487
320.000000 0.065505
321.000000 0.067654
322.000000 0.070714
323.000000 0.072355
324.000000 0.073925
325.000000 0.076182
326.000000 0.076847
327.000000 0.077551
328.000000 0.081152
329.000000 0.084274
330.000000 0.085665
331.000000 0.090243
332.000000 0.096767
333.000000 0.100380
334.000000 0.103058
335.000000 0.105518
336.000000 0.108524
337.000000 0.112705
338.000000 0.117432
339.000000 0.122054
340.000000 0.126689
341.000000 0.130028
342.000000 0.132561
343.000000 0.137450
344.000000 0.142955
345.000000 0.147572
346.000000 0.151897
347.000000 0.158034
348.000000 0.161829
349.000000 0.166067
350.000000 0.171798
351.000000 0.176664
352.000000 0.182889
353.000000 0.188946
354.000000 0.195484
355.000000 0.202622
356.000000 0.209186
357.000000 0.218004
358.000000 0.226034
359.000000 0.231407
360.000000 0.238854
361.000000 0.244377
362.000000 0.250466
363.000000 0.257975
364.000000 0.266295
365.000000 0.277656
366.000000 0.289546
367.000000 0.298499
368.000000 0.305812
369.000000 0.316344
370.000000 0.326400
371.000000 0.334005
372.000000 0.342181
373.000000 0.353170
374.000000 0.362740
375.000000 0.372114
376.000000 0.382828
377.000000 0.391005
378.000000 0.398718
379.000000 0.408000
380.000000 0.418903
381.000000 0.429311
382.000000 0.437171
383.000000 0.446059
384.000000 0.456723
385.000000 0.463507
386.000000 0.471292
387.000000 0.480477
388.000000 0.488181
389.000000 0.497666
390.000000 0.506101
391.000000 0.513981
392.000000 0.522265
393.000000 0.529075
394.000000 0.536492
395.000000 0.544596
396.000000 0.551340
397.000000 0.558401
398.000000 0.565726
399.000000 0.571649
400.000000 0.578380
401.000000 0.586028
402.000000 0.592274
403.000000 0.598222
404.000000 0.602861
405.000000 0.605638
406.000000 0.609604
407.000000 0.616618
408.000000 0.623916
409.000000 0.629617
410.000000 0.633031
411.000000 0.634789
412.000000 0.639885
413.000000 0.645630
414.000000 0.650259
415.000000 0.652147
416.000000 0.654263
417.000000 0.658470
418.000000 0.662371
419.000000 0.664410
420.000000 0.663157
421.000000 0.662195
422.000000 0.665975
423.000000 0.667750
424.000000 0.665575
425.000000 0.664730
426.000000 0.665506
427.000000 0.665755
428.000000 0.663801
429.000000 0.662231
430.000000 0.660413
431.000000 0.660962
432.000000 0.661166
433.000000 0.659858
434.000000 0.657186
435.000000 0.654931
436.000000 0.653044
437.000000 0.651057
438.000000 0.651136
439.000000 0.647293
440.000000 0.641455
441.000000 0.637554
442.000000 0.632947
443.000000 0.626940
444.000000 0.621464
445.000000 0.614355
446.000000 0.606881
447.000000 0.600546
448.000000 0.592329
449.000000 0.582098
450.000000 0.572119
451.000000 0.560242
452.000000 0.548385
453.000000 0.539783
454.000000 0.528889
455.000000 0.516124
456.000000 0.503705
457.000000 0.491122
458.000000 0.479813
459.000000 0.469089
460.000000 0.457826
461.000000 0.446562
462.000000 0.435526
463.000000 0.424761
464.000000 0.413491
465.000000 0.401405
466.000000 0.390075
467.000000 0.378556
468.000000 0.366736
469.000000 0.356430
470.000000 0.344656
471.000000 0.331735
472.000000 0.319958
473.000000 0.308793
474.000000 0.297462
475.000000 0.285105
476.000000 0.272185
477.000000 0.258932
478.000000 0.247217
479.000000 0.234215
480.000000 0.217932
481.000000 0.204274
482.000000 0.193173
483.000000 0.181863
484.000000 0.170457
485.000000 0.158689
486.000000 0.146856
487.000000 0.135186
488.000000 0.122631
489.000000 0.111986
490.000000 0.103820
491.000000 0.096412
492.000000 0.088413
493.000000 0.081081
494.000000 0.073619
495.000000 0.064931
496.000000 0.057880
497.000000 0.052398
498.000000 0.046591
499.000000 0.042078
500.000000 0.039230
501.000000 0.034719
502.000000 0.030942
503.000000 0.029529
504.000000 0.026990
505.000000 0.023073
506.000000 0.021209
507.000000 0.019900
508.000000 0.018766
509.000000 0.018356
510.000000 0.017804
511.000000 0.016636
512.000000 0.015751
513.000000 0.014753
514.000000 0.012862
515.000000 0.012515
516.000000 0.011891
517.000000 0.014007
518.000000 0.015415
519.000000 0.011395
520.000000 0.008790
521.000000 0.009514
522.000000 0.011781
523.000000 0.011954
524.000000 0.010537
525.000000 0.009859
526.000000 0.010714
527.000000 0.011274
528.000000 0.009393
529.000000 0.009934
530.000000 0.011453
531.000000 0.009270
532.000000 0.008378
533.000000 0.009261
534.000000 0.008831
535.000000 0.010223
536.000000 0.010835
537.000000 0.009311
538.000000 0.009841
539.000000 0.009648
540.000000 0.009842
541.000000 0.011653
542.000000 0.012964
543.000000 0.013683
544.000000 0.012815
545.000000 0.012642
546.000000 0.013390
547.000000 0.013426
548.000000 0.012628
549.000000 0.012022
550.000000 0.011715
551.000000 0.011907
552.000000 0.012955
553.000000 0.013736
554.000000 0.015590
555.000000 0.016030
556.000000 0.016407
557.000000 0.016567
558.000000 0.015943
559.000000 0.017412
560.000000 0.018369
561.000000 0.019118
562.000000 0.020490
563.000000 0.019261
564.000000 0.016884
565.000000 0.017213
566.000000 0.018497
567.000000 0.019993
568.000000 0.021464
569.000000 0.023253
570.000000 0.024035
571.000000 0.023840
572.000000 0.023752
573.000000 0.024090
574.000000 0.024707
575.000000 0.025377
576.000000 0.026726
577.000000 0.026750
578.000000 0.025357
579.000000 0.025446
580.000000 0.026905
581.000000 0.027313
582.000000 0.027997
583.000000 0.029176
584.000000 0.029066
585.000000 0.029083
586.000000 0.030190
587.000000 0.031024
588.000000 0.030402
589.000000 0.030643
590.000000 0.031913
591.000000 0.031369
592.000000 0.031146
593.000000 0.033565
594.000000 0.037319
595.000000 0.037101
596.000000 0.037638
597.000000 0.039209
598.000000 0.037612
599.000000 0.039429
600.000000 0.042714
601.000000 0.044441
602.000000 0.045551
603.000000 0.047435
604.000000 0.048446
605.000000 0.047584
606.000000 0.048181
607.000000 0.051770
608.000000 0.055075
609.000000 0.056006
610.000000 0.057160
611.000000 0.058793
612.000000 0.060609
613.000000 0.061610
614.000000 0.063700
615.000000 0.066591
616.000000 0.066413
617.000000 0.067377
618.000000 0.071237
619.000000 0.073941
620.000000 0.076452
621.000000 0.078592
622.000000 0.081317
623.000000 0.084809
624.000000 0.085832
625.000000 0.085127
626.000000 0.085279
627.000000 0.087408
628.000000 0.087646
629.000000 0.087822
630.000000 0.089843
631.000000 0.089984
632.000000 0.088007
633.000000 0.084953
634.000000 0.083331
635.000000 0.082368
636.000000 0.082359
637.000000 0.081033
638.000000 0.078237
639.000000 0.074852
640.000000 0.070084
641.000000 0.068357
642.000000 0.066780
643.000000 0.064729
644.000000 0.061936
645.000000 0.056824
646.000000 0.052914
647.000000 0.047740
648.000000 0.043269
649.000000 0.041595
650.000000 0.039899
651.000000 0.038265
652.000000 0.035253
653.000000 0.032989
654.000000 0.031184
655.000000 0.029391
656.000000 0.027642
657.000000 0.024419
658.000000 0.022422
659.000000 0.021852
660.000000 0.021620
661.000000 0.019939
662.000000 0.018038
663.000000 0.016787
664.000000 0.015176
665.000000 0.013540
666.000000 0.011855
667.000000 0.011519
668.000000 0.010520
669.000000 0.008560
670.000000 0.009322
671.000000 0.008915
672.000000 0.006808
673.000000 0.006885
674.000000 0.007011
675.000000 0.006120
676.000000 0.006328
677.000000 0.006376
678.000000 0.006802
679.000000 0.007314
680.000000 0.007241
681.000000 0.007702
682.000000 0.007148
683.000000 0.005033
684.000000 0.004599
685.000000 0.005352
686.000000 0.004378
687.000000 0.003860
688.000000 0.004315
689.000000 0.004944
690.000000 0.005077
691.000000 0.003526
692.000000 0.002886
693.000000 0.003330
694.000000 0.001851
695.000000 0.002179
696.000000 0.002991
697.000000 0.003029
698.000000 0.003526
699.000000 0.002861
700.000000 0.000585
