300.000000 0.295152
301.000000 0.268522
302.000000 0.263194
303.000000 0.265740
304.000000 0.261275
305.000000 0.257917
306.000000 0.258726
307.000000 0.264395
308.000000 0.266234
309.000000 0.265671
310.000000 0.262659
311.000000 0.261469
312.000000 0.265782
313.000000 0.269046
314.000000 0.271348
315.000000 0.274274
316.000000 0.277670
317.000000 0.280746
318.000000 0.283249
319.000000 0.284787
320.000000 0.287157
321.000000 0.289096
322.000000 0.289655
323.000000 0.288405
324.000000 0.286657
325.000000 0.284879
326.000000 0.281435
327.000000 0.277862
328.000000 0.275989
329.000000 0.275029
330.000000 0.272996
331.000000 0.272110
332.000000 0.273199
333.000000 0.272819
334.000000 0.269254
335.000000 0.265585
336.000000 0.262300
337.000000 0.257207
338.000000 0.252375
339.000000 0.246154
340.000000 0.234879
341.000000 0.222366
342.000000 0.209492
343.000000 0.197505
344.000000 0.187326
345.000000 0.177014
346.000000 0.167508
347.000000 0.158174
348.000000 0.147050
349.000000 0.138307
350.000000 0.133053
351.000000 0.126998
352.000000 0.121700
353.000000 0.117657
354.000000 0.114538
355.000000 0.111432
356.000000 0.108887
357.000000 0.107112
358.000000 0.105573
359.000000 0.104534
360.000000 0.103718
361.000000 0.100961
362.000000 0.097654
363.000000 0.096334
364.000000 0.097022
365.000000 0.099005
366.000000 0.099322
367.000000 0.097998
368.000000 0.097976
369.000000 0.098843
370.000000 0.100071
371.000000 0.100351
372.000000 0.099228
373.000000 0.100280
374.000000 0.100864
375.000000 0.100921
376.000000 0.103399
377.000000 0.103919
378.000000 0.104081
379.000000 0.104672
380.000000 0.105161
381.000000 0.105942
382.000000 0.104455
383.000000 0.103627
384.000000 0.105112
385.000000 0.107544
386.000000 0.107493
387.000000 0.105377
388.000000 0.106154
389.000000 0.107736
390.000000 0.108235
391.000000 0.109141
392.000000 0.109710
393.000000 0.108951
394.000000 0.108214
395.000000 0.108837
396.000000 0.110945
397.000000 0.112486
398.000000 0.111004
399.000000 0.110000
400.000000 0.111072
401.000000 0.112537
402.000000 0.112171
403.000000 0.112593
404.000000 0.113347
405.000000 0.112443
406.000000 0.110930
407.000000 0.109625
408.000000 0.109371
409.000000 0.108987
410.000000 0.109224
411.000000 0.108812
412.000000 0.108907
413.000000 0.111278
414.000000 0.113301
415.000000 0.113069
416.000000 0.113533
417.000000 0.114845
418.000000 0.117909
419.000000 0.118454
420.000000 0.116003
421.000000 0.114918
422.000000 0.114775
423.000000 0.116406
424.000000 0.116773
425.000000 0.117893
426.000000 0.119143
427.000000 0.119884
428.000000 0.121036
429.000000 0.119537
430.000000 0.117994
431.000000 0.119521
432.000000 0.121248
433.000000 0.122153
434.000000 0.123271
435.000000 0.125649
436.000000 0.128117
437.000000 0.130330
438.000000 0.132063
439.000000 0.133322
440.000000 0.135652
441.000000 0.138365
442.000000 0.140556
443.000000 0.140824
444.000000 0.141975
445.000000 0.146755
446.000000 0.150484
447.000000 0.152628
448.000000 0.157186
449.000000 0.161817
450.000000 0.164855
451.000000 0.166232
452.000000 0.169515
453.000000 0.176134
454.000000 0.180171
455.000000 0.185684
456.000000 0.191314
457.000000 0.193749
458.000000 0.197680
459.000000 0.202070
460.000000 0.206832
461.000000 0.211818
462.000000 0.218250
463.000000 0.224309
464.000000 0.228347
465.000000 0.232892
466.000000 0.238049
467.000000 0.243728
468.000000 0.249658
469.000000 0.255956
470.000000 0.262263
471.000000 0.268590
472.000000 0.273665
473.000000 0.280012
474.000000 0.286407
475.000000 0.291177
476.000000 0.297059
477.000000 0.302472
478.000000 0.308032
479.000000 0.315638
480.000000 0.321618
481.000000 0.325038
482.000000 0.330328
483.000000 0.335840
484.000000 0.339910
485.000000 0.344652
486.000000 0.349935
487.000000 0.353490
488.000000 0.355167
489.000000 0.360006
490.000000 0.367620
491.000000 0.371946
492.000000 0.374292
493.000000 0.378789
494.000000 0.384264
495.000000 0.389424
496.000000 0.393184
497.000000 0.395388
498.000000 0.399236
499.000000 0.404099
500.000000 0.408471
501.000000 0.411145
502.000000 0.413583
503.000000 0.418048
504.000000 0.422235
505.000000 0.425163
506.000000 0.428898
507.000000 0.431401
508.000000 0.434291
509.000000 0.436855
510.000000 0.437478
511.000000 0.440861
512.000000 0.443838
513.000000 0.445330
514.000000 0.444922
515.000000 0.445500
516.000000 0.447216
517.000000 0.447289
518.000000 0.446295
519.000000 0.444128
520.000000 0.442515
521.000000 0.441697
522.000000 0.441373
523.000000 0.439951
524.000000 0.437257
525.000000 0.434094
526.000000 0.430852
527.000000 0.427865
528.000000 0.423703
529.000000 0.419638
530.000000 0.417202
531.000000 0.414102
532.000000 0.410390
533.000000 0.406631
534.000000 0.403148
535.000000 0.400275
536.000000 0.396311
537.000000 0.390811
538.000000 0.387631
539.000000 0.384872
540.000000 0.380548
541.000000 0.377263
542.000000 0.374729
543.000000 0.370525
544.000000 0.364962
545.000000 0.361756
546.000000 0.359690
547.000000 0.357071
548.000000 0.353220
549.000000 0.348216
550.000000 0.341820
551.000000 0.335934
552.000000 0.330992
553.000000 0.324397
554.000000 0.319410
555.000000 0.314539
556.000000 0.308689
557.000000 0.302226
558.000000 0.293095
559.000000 0.284284
560.000000 0.275480
561.000000 0.267091
562.000000 0.259417
563.000000 0.249317
564.000000 0.237881
565.000000 0.228446
566.000000 0.220135
567.000000 0.211853
568.000000 0.203207
569.000000 0.193791
570.000000 0.186095
571.000000 0.177005
572.000000 0.167242
573.000000 0.158637
574.000000 0.148781
575.000000 0.140179
576.000000 0.130816
577.000000 0.121904
578.000000 0.114274
579.000000 0.107103
580.000000 0.101122
581.000000 0.094559
582.000000 0.088116
583.000000 0.082763
584.000000 0.076619
585.000000 0.068960
586.000000 0.063754
587.000000 0.060033
588.000000 0.054231
589.000000 0.050072
590.000000 0.046959
591.000000 0.041929
592.000000 0.037424
593.000000 0.034634
594.000000 0.033448
595.000000 0.030245
596.000000 0.028748
597.000000 0.028776
598.000000 0.026048
599.000000 0.024774
600.000000 0.025311
601.000000 0.023826
602.000000 0.020434
603.000000 0.018698
604.000000 0.018423
605.000000 0.015795
606.000000 0.014023
607.000000 0.015894
608.000000 0.015929
609.000000 0.013866
610.000000 0.011548
611.000000 0.011094
612.000000 0.010254
613.000000 0.008632
614.000000 0.008236
615.000000 0.009149
616.000000 0.008494
617.000000 0.006059
618.000000 0.006473
619.000000 0.007712
620.000000 0.008874
621.000000 0.008452
622.000000 0.007460
623.000000 0.008116
624.000000 0.008210
625.000000 0.006328
626.000000 0.005449
627.000000 0.007132
628.000000 0.007550
629.000000 0.006606
630.000000 0.007996
631.000000 0.008474
632.000000 0.005882
633.000000 0.004182
634.000000 0.005771
635.000000 0.006625
636.000000 0.005732
637.000000 0.007107
638.000000 0.008076
639.000000 0.006196
640.000000 0.005212
641.000000 0.006200
642.000000 0.006887
643.000000 0.007116
644.000000 0.007500
645.000000 0.007007
646.000000 0.007104
647.000000 0.005454
648.000000 0.004222
649.000000 0.006016
650.000000 0.007335
651.000000 0.007079
652.000000 0.005524
653.000000 0.005646
654.000000 0.005644
655.000000 0.005869
656.000000 0.005554
657.000000 0.004386
658.000000 0.005391
659.000000 0.006800
660.000000 0.007187
661.000000 0.005907
662.000000 0.003806
663.000000 0.003794
664.000000 0.004658
665.000000 0.005284
666.000000 0.005669
667.000000 0.005781
668.000000 0.004696
669.000000 0.003750
670.000000 0.005528
671.000000 0.005720
672.000000 0.003615
673.000000 0.003678
674.000000 0.004323
675.000000 0.003731
676.000000 0.004579
677.000000 0.005477
678.000000 0.005377
679.000000 0.005908
680.000000 0.006460
681.000000 0.005972
682.000000 0.006556
683.000000 0.006620
684.000000 0.006596
685.000000 0.007272
686.000000 0.005817
687.000000 0.004489
688.000000 0.004417
689.000000 0.005797
690.000000 0.006016
691.000000 0.005113
692.000000 0.005052
693.000000 0.006127
694.000000 0.005912
695.000000 0.005259
696.000000 0.005652
697.000000 0.005118
698.000000 0.004380
699.000000 0.003416
700.000000 0.001041
