300.000000 0.047143
301.000000 0.032766
302.000000 0.032280
303.000000 0.034756
304.000000 0.034424
305.000000 0.032593
306.000000 0.030707
307.000000 0.029952
308.000000 0.030308
309.000000 0.031198
310.000000 0.029117
311.000000 0.028135
312.000000 0.027702
313.000000 0.026262
314.000000 0.025341
315.000000 0.025478
316.000000 0.023957
317.000000 0.021281
318.000000 0.021137
319.000000 0.020004
320.000000 0.019462
321.000000 0.019752
322.000000 0.018979
323.000000 0.016882
324.000000 0.015211
325.000000 0.014158
326.000000 0.011787
327.000000 0.010147
328.000000 0.010487
329.000000 0.009641
330.000000 0.007240
331.000000 0.006574
332.000000 0.007991
333.000000 0.007862
334.000000 0.006759
335.000000 0.005625
336.000000 0.004477
337.000000 0.004984
338.000000 0.006607
339.000000 0.006935
340.000000 0.005711
341.000000 0.003481
342.000000 0.001755
343.000000 0.001478
344.000000 0.002241
345.000000 0.002725
346.000000 0.004253
347.000000 0.005398
348.000000 0.002218
349.000000 0.001289
350.000000 0.000941
351.000000 0.000625
352.000000 0.003259
353.000000 0.003998
354.000000 0.003505
355.000000 0.003586
356.000000 0.002061
357.000000 0.002391
358.000000 0.002479
359.000000 0.001167
360.000000 0.001405
361.000000 0.001231
362.000000 0.001132
363.000000 0.000064
364.000000 0.001320
365.000000 0.005025
366.000000 0.007305
367.000000 0.005974
368.000000 0.004811
369.000000 0.006872
370.000000 0.009564
371.000000 0.008987
372.000000 0.006364
373.000000 0.007795
374.000000 0.007163
375.000000 0.006660
376.000000 0.009163
377.000000 0.008724
378.000000 0.010242
379.000000 0.012854
380.000000 0.012892
381.000000 0.012138
382.000000 0.011946
383.000000 0.011983
384.000000 0.012642
385.000000 0.013875
386.000000 0.015170
387.000000 0.014846
388.000000 0.013656
389.000000 0.014297
390.000000 0.015334
391.000000 0.016462
392.000000 0.017184
393.000000 0.016662
394.000000 0.016000
395.000000 0.017012
396.000000 0.019062
397.000000 0.019809
398.000000 0.019495
399.000000 0.019970
400.000000 0.021764
401.000000 0.024159
402.000000 0.022853
403.000000 0.021216
404.000000 0.022456
405.000000 0.022015
406.000000 0.023079
407.000000 0.026715
408.000000 0.026922
409.000000 0.025801
410.000000 0.023714
411.000000 0.021211
412.000000 0.022350
413.000000 0.023171
414.000000 0.023652
415.000000 0.021798
416.000000 0.019492
417.000000 0.019613
418.000000 0.019075
419.000000 0.016777
420.000000 0.013510
421.000000 0.011226
422.000000 0.011279
423.000000 0.011280
424.000000 0.012347
425.000000 0.013878
426.000000 0.012660
427.000000 0.010058
428.000000 0.006600
429.000000 0.003792
430.000000 0.003267
431.000000 0.004160
432.000000 0.002381
433.000000 0.002483
434.000000 0.003959
435.000000 0.004444
436.000000 0.003345
437.000000 0.002156
438.000000 0.003838
439.000000 0.003360
440.000000 0.002127
441.000000 0.002393
442.000000 0.002491
443.000000 0.001449
444.000000 0.002027
445.000000 0.003072
446.000000 0.002757
447.000000 0.003210
448.000000 0.003236
449.000000 0.003600
450.000000 0.003723
451.000000 0.002114
452.000000 0.000175
453.000000 0.000550
454.000000 0.001540
455.000000 0.001952
456.000000 0.002442
457.000000 0.002655
458.000000 0.003731
459.000000 0.004237
460.000000 0.003844
461.000000 0.003563
462.000000 0.004915
463.000000 0.006089
464.000000 0.005830
465.000000 0.005820
466.000000 0.005702
467.000000 0.004812
468.000000 0.003946
469.000000 0.003840
470.000000 0.003964
471.000000 0.004206
472.000000 0.004844
473.000000 0.004911
474.000000 0.003823
475.000000 0.003696
476.000000 0.004196
477.000000 0.004594
478.000000 0.005400
479.000000 0.007815
480.000000 0.007783
481.000000 0.005212
482.000000 0.005390
483.000000 0.006811
484.000000 0.007614
485.000000 0.008187
486.000000 0.009521
487.000000 0.008845
488.000000 0.006199
489.000000 0.006449
490.000000 0.007337
491.000000 0.007436
492.000000 0.008171
493.000000 0.009177
494.000000 0.008963
495.000000 0.008559
496.000000 0.009254
497.000000 0.009791
498.000000 0.010184
499.000000 0.009975
500.000000 0.010609
501.000000 0.009504
502.000000 0.006855
503.000000 0.007971
504.000000 0.009881
505.000000 0.010076
506.000000 0.009409
507.000000 0.008856
508.000000 0.010096
509.000000 0.010802
510.000000 0.010243
511.000000 0.011628
512.000000 0.012485
513.000000 0.010817
514.000000 0.009781
515.000000 0.011228
516.000000 0.011247
517.000000 0.011891
518.000000 0.014837
519.000000 0.013801
520.000000 0.012755
521.000000 0.014177
522.000000 0.015146
523.000000 0.015672
524.000000 0.015253
525.000000 0.015210
526.000000 0.014880
527.000000 0.015061
528.000000 0.015310
529.000000 0.015533
530.000000 0.017197
531.000000 0.018073
532.000000 0.018653
533.000000 0.017517
534.000000 0.017934
535.000000 0.020345
536.000000 0.019607
537.000000 0.018218
538.000000 0.019535
539.000000 0.020461
540.000000 0.020687
541.000000 0.021683
542.000000 0.023080
543.000000 0.024032
544.000000 0.023800
545.000000 0.023866
546.000000 0.024766
547.000000 0.025887
548.000000 0.024929
549.000000 0.024366
550.000000 0.025956
551.000000 0.026575
552.000000 0.027065
553.000000 0.029190
554.000000 0.031246
555.000000 0.031424
556.000000 0.032229
557.000000 0.032947
558.000000 0.034299
559.000000 0.036705
560.000000 0.037894
561.000000 0.039304
562.000000 0.041155
563.000000 0.041281
564.000000 0.040939
565.000000 0.042624
566.000000 0.045132
567.000000 0.047206
568.000000 0.049507
569.000000 0.051122
570.000000 0.052411
571.000000 0.054236
572.000000 0.056250
573.000000 0.058185
574.000000 0.059098
575.000000 0.060703
576.000000 0.061630
577.000000 0.062664
578.000000 0.064192
579.000000 0.064980
580.000000 0.067713
581.000000 0.069689
582.000000 0.070356
583.000000 0.072580
584.000000 0.073808
585.000000 0.073755
586.000000 0.075061
587.000000 0.077933
588.000000 0.079490
589.000000 0.080847
590.000000 0.081925
591.000000 0.082952
592.000000 0.084125
593.000000 0.086710
594.000000 0.091263
595.000000 0.092360
596.000000 0.093312
597.000000 0.095757
598.000000 0.097693
599.000000 0.101218
600.000000 0.105303
601.000000 0.108701
602.000000 0.111390
603.000000 0.115496
604.000000 0.119735
605.000000 0.122208
606.000000 0.126420
607.000000 0.132383
608.000000 0.138204
609.000000 0.142367
610.000000 0.145711
611.000000 0.151554
612.000000 0.158848
613.000000 0.165104
614.000000 0.171946
615.000000 0.177377
616.000000 0.181458
617.000000 0.187735
618.000000 0.195272
619.000000 0.201851
620.000000 0.208350
621.000000 0.213950
622.000000 0.219639
623.000000 0.224972
624.000000 0.227978
625.000000 0.231057
626.000000 0.234458
627.000000 0.236547
628.000000 0.237275
629.000000 0.237499
630.000000 0.238590
631.000000 0.238830
632.000000 0.235795
633.000000 0.232211
634.000000 0.228214
635.000000 0.223124
636.000000 0.217403
637.000000 0.213047
638.000000 0.208011
639.000000 0.199197
640.000000 0.189969
641.000000 0.182403
642.000000 0.174332
643.000000 0.165366
644.000000 0.156569
645.000000 0.147009
646.000000 0.137870
647.000000 0.128821
648.000000 0.119881
649.000000 0.112514
650.000000 0.105760
651.000000 0.098424
652.000000 0.089854
653.000000 0.083024
654.000000 0.077393
655.000000 0.072757
656.000000 0.068281
657.000000 0.061928
658.000000 0.055485
659.000000 0.050730
660.000000 0.046780
661.000000 0.041703
662.000000 0.037422
663.000000 0.034312
664.000000 0.030804
665.000000 0.027196
666.000000 0.023982
667.000000 0.022242
668.000000 0.019778
669.000000 0.016635
670.000000 0.015716
671.000000 0.013519
672.000000 0.010187
673.000000 0.008394
674.000000 0.008718
675.000000 0.009651
676.000000 0.008889
677.000000 0.007649
678.000000 0.006953
679.000000 0.006466
680.000000 0.005883
681.000000 0.004525
682.000000 0.004048
683.000000 0.003680
684.000000 0.003212
685.000000 0.002982
686.000000 0.001384
687.000000 0.000202
688.000000 0.000733
689.000000 0.001420
690.000000 0.001567
691.000000 0.000729
692.000000 -0.000064
693.000000 0.000462
694.000000 -0.000427
695.000000 -0.000429
696.000000 0.000724
697.000000 0.000135
698.000000 -0.002005
699.000000 -0.004421
700.000000 -0.007280
