300.000000 1.869224
301.000000 1.876794
302.000000 2.029121
303.000000 2.020812
304.000000 2.076637
305.000000 2.117959
306.000000 2.177654
307.000000 2.357463
308.000000 2.476969
309.000000 2.438148
310.000000 2.462707
311.000000 2.625181
312.000000 2.601697
313.000000 2.555920
314.000000 2.676205
315.000000 2.862126
316.000000 2.845974
317.000000 2.866266
318.000000 3.021127
319.000000 3.113140
320.000000 3.162523
321.000000 3.084436
322.000000 3.090562
323.000000 3.232576
324.000000 3.187850
325.000000 3.177075
326.000000 3.278911
327.000000 3.311988
328.000000 3.322524
329.000000 3.331623
330.000000 3.224010
331.000000 3.212776
332.000000 3.346013
333.000000 3.421429
334.000000 3.338780
335.000000 3.327703
336.000000 3.444211
337.000000 3.500099
338.000000 3.407644
339.000000 3.390917
340.000000 3.392582
341.000000 3.399630
342.000000 3.415229
343.000000 3.433698
344.000000 3.464502
345.000000 3.381246
346.000000 3.426117
347.000000 3.346815
348.000000 3.319030
349.000000 3.239983
350.000000 3.032733
351.000000 3.021047
352.000000 2.959590
353.000000 2.920813
354.000000 2.877539
355.000000 2.794063
356.000000 2.780646
357.000000 2.721157
358.000000 2.606144
359.000000 2.546143
360.000000 2.524790
361.000000 2.433417
362.000000 2.363498
363.000000 2.308846
364.000000 2.246244
365.000000 2.215751
366.000000 2.178897
367.000000 2.118240
368.000000 2.078489
369.000000 2.037468
370.000000 1.999569
371.000000 1.971467
372.000000 1.938961
373.000000 1.904985
374.000000 1.872786
375.000000 1.840757
376.000000 1.812375
377.000000 1.784441
378.000000 1.755806
379.000000 1.729835
380.000000 1.705637
381.000000 1.676699
382.000000 1.644296
383.000000 1.618553
384.000000 1.594062
385.000000 1.573141
386.000000 1.551790
387.000000 1.524872
388.000000 1.501136
389.000000 1.479785
390.000000 1.455131
391.000000 1.432007
392.000000 1.412174
393.000000 1.392079
394.000000 1.374765
395.000000 1.355830
396.000000 1.334288
397.000000 1.314926
398.000000 1.296897
399.000000 1.279771
400.000000 1.263408
401.000000 1.246898
402.000000 1.229383
403.000000 1.213374
404.000000 1.198745
405.000000 1.182424
406.000000 1.166813
407.000000 1.153067
408.000000 1.138886
409.000000 1.125761
410.000000 1.111105
411.000000 1.096672
412.000000 1.085542
413.000000 1.071510
414.000000 1.056996
415.000000 1.043564
416.000000 1.027708
417.000000 1.012694
418.000000 1.001316
419.000000 0.991064
420.000000 0.977709
421.000000 0.964480
422.000000 0.953481
423.000000 0.941916
424.000000 0.928652
425.000000 0.917210
426.000000 0.907561
427.000000 0.897048
428.000000 0.887447
429.000000 0.876695
430.000000 0.865820
431.000000 0.857651
432.000000 0.847559
433.000000 0.837039
434.000000 0.827715
435.000000 0.819587
436.000000 0.809386
437.000000 0.800153
438.000000 0.794069
439.000000 0.786353
440.000000 0.776715
441.000000 0.768101
442.000000 0.760718
443.000000 0.750972
444.000000 0.743711
445.000000 0.737904
446.000000 0.729729
447.000000 0.723678
448.000000 0.717648
449.000000 0.709679
450.000000 0.702474
451.000000 0.693914
452.000000 0.686088
453.000000 0.681236
454.000000 0.675887
455.000000 0.669949
456.000000 0.663507
457.000000 0.655409
458.000000 0.649669
459.000000 0.645558
460.000000 0.641654
461.000000 0.636736
462.000000 0.631786
463.000000 0.627096
464.000000 0.621093
465.000000 0.615178
466.000000 0.609895
467.000000 0.604994
468.000000 0.601173
469.000000 0.597109
470.000000 0.591681
471.000000 0.586524
472.000000 0.581303
473.000000 0.576773
474.000000 0.572171
475.000000 0.567349
476.000000 0.562401
477.000000 0.558103
478.000000 0.554988
479.000000 0.551246
480.000000 0.545318
481.000000 0.539081
482.000000 0.535217
483.000000 0.532743
484.000000 0.530640
485.000000 0.527167
486.000000 0.522535
487.000000 0.518903
488.000000 0.513586
489.000000 0.508814
490.000000 0.506142
491.000000 0.503457
492.000000 0.499578
493.000000 0.496280
494.000000 0.493452
495.000000 0.488734
496.000000 0.485091
497.000000 0.482888
498.000000 0.480236
499.000000 0.477033
500.000000 0.474523
501.000000 0.469733
502.000000 0.464494
503.000000 0.463516
504.000000 0.463158
505.000000 0.459296
506.000000 0.454908
507.000000 0.452072
508.000000 0.450640
509.000000 0.448764
510.000000 0.446024
511.000000 0.444296
512.000000 0.442366
513.000000 0.439365
514.000000 0.436321
515.000000 0.433805
516.000000 0.429373
517.000000 0.426827
518.000000 0.426736
519.000000 0.423231
520.000000 0.419552
521.000000 0.417570
522.000000 0.416079
523.000000 0.414339
524.000000 0.411565
525.000000 0.409741
526.000000 0.408157
527.000000 0.405353
528.000000 0.400962
529.000000 0.398888
530.000000 0.399142
531.000000 0.397269
532.000000 0.394995
533.000000 0.392884
534.000000 0.390661
535.000000 0.389738
536.000000 0.388598
537.000000 0.386353
538.000000 0.385122
539.000000 0.384871
540.000000 0.384097
541.000000 0.383308
542.000000 0.382749
543.000000 0.381245
544.000000 0.378357
545.000000 0.377051
546.000000 0.377774
547.000000 0.376890
548.000000 0.374573
549.000000 0.372570
550.000000 0.370488
551.000000 0.369884
552.000000 0.369737
553.000000 0.369025
554.000000 0.369605
555.000000 0.369310
556.000000 0.368937
557.000000 0.368640
558.000000 0.368083
559.000000 0.368476
560.000000 0.368924
561.000000 0.369327
562.000000 0.369265
563.000000 0.367919
564.000000 0.367289
565.000000 0.369475
566.000000 0.371099
567.000000 0.371431
568.000000 0.373263
569.000000 0.375765
570.000000 0.378450
571.000000 0.380220
572.000000 0.380464
573.000000 0.381392
574.000000 0.382265
575.000000 0.383304
576.000000 0.384118
577.000000 0.384605
578.000000 0.384930
579.000000 0.386009
580.000000 0.388813
581.000000 0.391469
582.000000 0.393435
583.000000 0.394602
584.000000 0.394683
585.000000 0.395563
586.000000 0.398389
587.000000 0.401182
588.000000 0.401392
589.000000 0.402562
590.000000 0.403545
591.000000 0.402574
592.000000 0.404234
593.000000 0.407385
594.000000 0.410633
595.000000 0.412524
596.000000 0.416151
597.000000 0.419276
598.000000 0.420547
599.000000 0.425361
600.000000 0.429523
601.000000 0.431422
602.000000 0.434635
603.000000 0.438887
604.000000 0.443177
605.000000 0.445765
606.000000 0.450437
607.000000 0.459406
608.000000 0.466193
609.000000 0.471910
610.000000 0.479224
611.000000 0.485341
612.000000 0.491558
613.000000 0.500571
614.000000 0.510981
615.000000 0.520127
616.000000 0.526287
617.000000 0.534640
618.000000 0.546212
619.000000 0.555997
620.000000 0.565609
621.000000 0.573641
622.000000 0.582194
623.000000 0.593130
624.000000 0.602624
625.000000 0.609723
626.000000 0.614654
627.000000 0.620954
628.000000 0.627380
629.000000 0.631271
630.000000 0.637743
631.000000 0.642686
632.000000 0.642733
633.000000 0.640893
634.000000 0.639611
635.000000 0.638568
636.000000 0.636535
637.000000 0.634279
638.000000 0.629555
639.000000 0.620772
640.000000 0.611914
641.000000 0.605242
642.000000 0.596638
643.000000 0.587390
644.000000 0.578688
645.000000 0.567710
646.000000 0.556924
647.000000 0.544415
648.000000 0.532033
649.000000 0.520947
650.000000 0.509569
651.000000 0.498255
652.000000 0.486288
653.000000 0.475248
654.000000 0.464854
655.000000 0.455105
656.000000 0.444629
657.000000 0.433055
658.000000 0.423288
659.000000 0.415329
660.000000 0.407042
661.000000 0.398434
662.000000 0.388672
663.000000 0.380105
664.000000 0.372038
665.000000 0.363256
666.000000 0.355427
667.000000 0.348813
668.000000 0.342403
669.000000 0.336391
670.000000 0.331104
671.000000 0.323620
672.000000 0.316232
673.000000 0.310757
674.000000 0.305750
675.000000 0.301553
676.000000 0.298083
677.000000 0.293610
678.000000 0.288157
679.000000 0.284722
680.000000 0.281043
681.000000 0.276757
682.000000 0.273776
683.000000 0.270030
684.000000 0.267095
685.000000 0.264287
686.000000 0.260293
687.000000 0.257249
688.000000 0.255417
689.000000 0.253251
690.000000 0.249867
691.000000 0.246968
692.000000 0.244786
693.000000 0.243283
694.000000 0.241011
695.000000 0.239573
696.000000 0.239048
697.000000 0.235880
698.000000 0.232788
699.000000 0.231177
700.000000 0.228587
