300.000000 1.565703
301.000000 1.697832
302.000000 1.769037
303.000000 1.724252
304.000000 1.889540
305.000000 1.904994
306.000000 1.959262
307.000000 1.970114
308.000000 1.938754
309.000000 1.882113
310.000000 1.823820
311.000000 1.855194
312.000000 1.775867
313.000000 1.684639
314.000000 1.674387
315.000000 1.667167
316.000000 1.598049
317.000000 1.553899
318.000000 1.530195
319.000000 1.472864
320.000000 1.427086
321.000000 1.380029
322.000000 1.330987
323.000000 1.284607
324.000000 1.238666
325.000000 1.191867
326.000000 1.139392
327.000000 1.088460
328.000000 1.040440
329.000000 0.995984
330.000000 0.954586
331.000000 0.917320
332.000000 0.883306
333.000000 0.849075
334.000000 0.816190
335.000000 0.784633
336.000000 0.758155
337.000000 0.733353
338.000000 0.709220
339.000000 0.687660
340.000000 0.666024
341.000000 0.646250
342.000000 0.627060
343.000000 0.611194
344.000000 0.600052
345.000000 0.588171
346.000000 0.576697
347.000000 0.567470
348.000000 0.556256
349.000000 0.547017
350.000000 0.540076
351.000000 0.533938
352.000000 0.529421
353.000000 0.526375
354.000000 0.522522
355.000000 0.519274
356.000000 0.518500
357.000000 0.515752
358.000000 0.514953
359.000000 0.515502
360.000000 0.515066
361.000000 0.514657
362.000000 0.512681
363.000000 0.511147
364.000000 0.515118
365.000000 0.518720
366.000000 0.520273
367.000000 0.521543
368.000000 0.523094
369.000000 0.526366
370.000000 0.530708
371.000000 0.533571
372.000000 0.534473
373.000000 0.537233
374.000000 0.538457
375.000000 0.540789
376.000000 0.546782
377.000000 0.551017
378.000000 0.553776
379.000000 0.558260
380.000000 0.562644
381.000000 0.566180
382.000000 0.570259
383.000000 0.573675
384.000000 0.578098
385.000000 0.583036
386.000000 0.587220
387.000000 0.590365
388.000000 0.593458
389.000000 0.597952
390.000000 0.602365
391.000000 0.607361
392.000000 0.610573
393.000000 0.613483
394.000000 0.616725
395.000000 0.618548
396.000000 0.620663
397.000000 0.623662
398.000000 0.625958
399.000000 0.626464
400.000000 0.627345
401.000000 0.628975
402.000000 0.630001
403.000000 0.631529
404.000000 0.632596
405.000000 0.632129
406.000000 0.632405
407.000000 0.633494
408.000000 0.635370
409.000000 0.638444
410.000000 0.639052
411.000000 0.638468
412.000000 0.640879
413.000000 0.641704
414.000000 0.642675
415.000000 0.645194
416.000000 0.646130
417.000000 0.646635
418.000000 0.647391
419.000000 0.649369
420.000000 0.648947
421.000000 0.647396
422.000000 0.646954
423.000000 0.647522
424.000000 0.649706
425.000000 0.650548
426.000000 0.652892
427.000000 0.656101
428.000000 0.657843
429.000000 0.659505
430.000000 0.662066
431.000000 0.667186
432.000000 0.671694
433.000000 0.677442
434.000000 0.683088
435.000000 0.688371
436.000000 0.695484
437.000000 0.703387
438.000000 0.712963
439.000000 0.723541
440.000000 0.732854
441.000000 0.743250
442.000000 0.755321
443.000000 0.766662
444.000000 0.780365
445.000000 0.795458
446.000000 0.810450
447.000000 0.826624
448.000000 0.843178
449.000000 0.859554
450.000000 0.877844
451.000000 0.895290
452.000000 0.911698
453.000000 0.931010
454.000000 0.949225
455.000000 0.967150
456.000000 0.985491
457.000000 1.003611
458.000000 1.022257
459.000000 1.039669
460.000000 1.055560
461.000000 1.073313
462.000000 1.095065
463.000000 1.114631
464.000000 1.135333
465.000000 1.154793
466.000000 1.173134
467.000000 1.194045
468.000000 1.213040
469.000000 1.231689
470.000000 1.252935
471.000000 1.272162
472.000000 1.289269
473.000000 1.306425
474.000000 1.322923
475.000000 1.339472
476.000000 1.355275
477.000000 1.370801
478.000000 1.381888
479.000000 1.392584
480.000000 1.401037
481.000000 1.405561
482.000000 1.411200
483.000000 1.415185
484.000000 1.420209
485.000000 1.423043
486.000000 1.423234
487.000000 1.420260
488.000000 1.415674
489.000000 1.414478
490.000000 1.412375
491.000000 1.407554
492.000000 1.400023
493.000000 1.393475
494.000000 1.389908
495.000000 1.387428
496.000000 1.381180
497.000000 1.376372
498.000000 1.374924
499.000000 1.370726
500.000000 1.364780
501.000000 1.358948
502.000000 1.352366
503.000000 1.345968
504.000000 1.339873
505.000000 1.332945
506.000000 1.323222
507.000000 1.313897
508.000000 1.302886
509.000000 1.289345
510.000000 1.274421
511.000000 1.257213
512.000000 1.238228
513.000000 1.217217
514.000000 1.194285
515.000000 1.169287
516.000000 1.137321
517.000000 1.105709
518.000000 1.075946
519.000000 1.040808
520.000000 1.003680
521.000000 0.966520
522.000000 0.927639
523.000000 0.884490
524.000000 0.837745
525.000000 0.791742
526.000000 0.746813
527.000000 0.702386
528.000000 0.658432
529.000000 0.616259
530.000000 0.577841
531.000000 0.532260
532.000000 0.487101
533.000000 0.452080
534.000000 0.420845
535.000000 0.390652
536.000000 0.359782
537.000000 0.329674
538.000000 0.303708
539.000000 0.278415
540.000000 0.256146
541.000000 0.238527
542.000000 0.222789
543.000000 0.206965
544.000000 0.189681
545.000000 0.175286
546.000000 0.165706
547.000000 0.156228
548.000000 0.146080
549.000000 0.136313
550.000000 0.125389
551.000000 0.115401
552.000000 0.106282
553.000000 0.098755
554.000000 0.092956
555.000000 0.087511
556.000000 0.082816
557.000000 0.078005
558.000000 0.072074
559.000000 0.067200
560.000000 0.063522
561.000000 0.060139
562.000000 0.056320
563.000000 0.051139
564.000000 0.046575
565.000000 0.044022
566.000000 0.042106
567.000000 0.040646
568.000000 0.039169
569.000000 0.037480
570.000000 0.036603
571.000000 0.033911
572.000000 0.030427
573.000000 0.028412
574.000000 0.026393
575.000000 0.024912
576.000000 0.022932
577.000000 0.021611
578.000000 0.020788
579.000000 0.019602
580.000000 0.019164
581.000000 0.017143
582.000000 0.015699
583.000000 0.015897
584.000000 0.013998
585.000000 0.011853
586.000000 0.012018
587.000000 0.012152
588.000000 0.010910
589.000000 0.011478
590.000000 0.011729
591.000000 0.009056
592.000000 0.007704
593.000000 0.008983
594.000000 0.010645
595.000000 0.009146
596.000000 0.008635
597.000000 0.008378
598.000000 0.007125
599.000000 0.008902
600.000000 0.011559
601.000000 0.011004
602.000000 0.009048
603.000000 0.009632
604.000000 0.010667
605.000000 0.008715
606.000000 0.006614
607.000000 0.008201
608.000000 0.008910
609.000000 0.008146
610.000000 0.007269
611.000000 0.007535
612.000000 0.007270
613.000000 0.005710
614.000000 0.006655
615.000000 0.006739
616.000000 0.004598
617.000000 0.003631
618.000000 0.004378
619.000000 0.005756
620.000000 0.007447
621.000000 0.008801
622.000000 0.008290
623.000000 0.006882
624.000000 0.007237
625.000000 0.007043
626.000000 0.004606
627.000000 0.003676
628.000000 0.004827
629.000000 0.006304
630.000000 0.008803
631.000000 0.010195
632.000000 0.008551
633.000000 0.006332
634.000000 0.006620
635.000000 0.007806
636.000000 0.007869
637.000000 0.009422
638.000000 0.009807
639.000000 0.007135
640.000000 0.005739
641.000000 0.006510
642.000000 0.007760
643.000000 0.008143
644.000000 0.008263
645.000000 0.008041
646.000000 0.008299
647.000000 0.006972
648.000000 0.005953
649.000000 0.007181
650.000000 0.007475
651.000000 0.007879
652.000000 0.007434
653.000000 0.006558
654.000000 0.006338
655.000000 0.006287
656.000000 0.005539
657.000000 0.004635
658.000000 0.006247
659.000000 0.007116
660.000000 0.006538
661.000000 0.005506
662.000000 0.003199
663.000000 0.003729
664.000000 0.004595
665.000000 0.003435
666.000000 0.003406
667.000000 0.004590
668.000000 0.005227
669.000000 0.005303
670.000000 0.005659
671.000000 0.003936
672.000000 0.002407
673.000000 0.003401
674.000000 0.005799
675.000000 0.007388
676.000000 0.005984
677.000000 0.004566
678.000000 0.005217
679.000000 0.006267
680.000000 0.006546
681.000000 0.007642
682.000000 0.007448
683.000000 0.005166
684.000000 0.004849
685.000000 0.004930
686.000000 0.004146
687.000000 0.004268
688.000000 0.005200
689.000000 0.007076
690.000000 0.006887
691.000000 0.005483
692.000000 0.005018
693.000000 0.006039
694.000000 0.005356
695.000000 0.004257
696.000000 0.004939
697.000000 0.004738
698.000000 0.004551
699.000000 0.003782
700.000000 0.001471
