300.000000 0.691751
301.000000 0.628990
302.000000 0.599975
303.000000 0.589726
304.000000 0.556971
305.000000 0.529781
306.000000 0.506860
307.000000 0.488724
308.000000 0.473267
309.000000 0.459126
310.000000 0.443063
311.000000 0.425546
312.000000 0.413929
313.000000 0.404470
314.000000 0.391336
315.000000 0.378254
316.000000 0.366860
317.000000 0.356898
318.000000 0.347433
319.000000 0.336874
320.000000 0.328195
321.000000 0.321723
322.000000 0.314874
323.000000 0.306619
324.000000 0.299256
325.000000 0.293666
326.000000 0.287564
327.000000 0.282357
328.000000 0.278240
329.000000 0.274039
330.000000 0.272421
331.000000 0.273220
332.000000 0.272185
333.000000 0.270964
334.000000 0.270613
335.000000 0.270484
336.000000 0.271482
337.000000 0.272429
338.000000 0.274997
339.000000 0.279654
340.000000 0.284254
341.000000 0.287669
342.000000 0.290245
343.000000 0.293358
344.000000 0.299980
345.000000 0.307020
346.000000 0.312667
347.000000 0.320303
348.000000 0.326702
349.000000 0.333421
350.000000 0.340977
351.000000 0.348510
352.000000 0.358974
353.000000 0.369996
354.000000 0.379839
355.000000 0.389976
356.000000 0.399764
357.000000 0.411646
358.000000 0.424484
359.000000 0.435292
360.000000 0.450082
361.000000 0.464508
362.000000 0.477192
363.000000 0.489759
364.000000 0.505073
365.000000 0.524627
366.000000 0.542299
367.000000 0.557047
368.000000 0.572487
369.000000 0.591588
370.000000 0.609423
371.000000 0.624014
372.000000 0.639334
373.000000 0.658430
374.000000 0.676719
375.000000 0.693906
376.000000 0.711125
377.000000 0.727354
378.000000 0.745309
379.000000 0.764039
380.000000 0.781971
381.000000 0.800361
382.000000 0.817042
383.000000 0.833143
384.000000 0.850026
385.000000 0.864504
386.000000 0.880110
387.000000 0.895710
388.000000 0.911443
389.000000 0.927929
390.000000 0.944760
391.000000 0.962173
392.000000 0.976697
393.000000 0.989581
394.000000 1.002722
395.000000 1.015110
396.000000 1.028313
397.000000 1.043330
398.000000 1.056804
399.000000 1.067926
400.000000 1.080973
401.000000 1.096186
402.000000 1.108095
403.000000 1.119069
404.000000 1.129508
405.000000 1.139892
406.000000 1.149547
407.000000 1.159578
408.000000 1.169478
409.000000 1.177052
410.000000 1.185083
411.000000 1.193326
412.000000 1.201152
413.000000 1.208145
414.000000 1.214260
415.000000 1.216120
416.000000 1.218337
417.000000 1.223643
418.000000 1.225620
419.000000 1.224721
420.000000 1.225422
421.000000 1.223952
422.000000 1.222793
423.000000 1.221375
424.000000 1.220383
425.000000 1.220043
426.000000 1.220164
427.000000 1.219432
428.000000 1.213140
429.000000 1.208016
430.000000 1.204481
431.000000 1.200022
432.000000 1.196253
433.000000 1.192444
434.000000 1.188014
435.000000 1.184390
436.000000 1.179655
437.000000 1.173186
438.000000 1.169153
439.000000 1.162763
440.000000 1.154411
441.000000 1.146224
442.000000 1.137626
443.000000 1.127557
444.000000 1.118300
445.000000 1.107846
446.000000 1.092747
447.000000 1.080854
448.000000 1.065567
449.000000 1.046180
450.000000 1.030158
451.000000 1.012068
452.000000 0.990868
453.000000 0.971524
454.000000 0.951077
455.000000 0.932560
456.000000 0.913083
457.000000 0.889364
458.000000 0.866503
459.000000 0.847016
460.000000 0.829440
461.000000 0.809333
462.000000 0.789281
463.000000 0.768593
464.000000 0.747566
465.000000 0.726954
466.000000 0.707012
467.000000 0.689184
468.000000 0.669475
469.000000 0.647961
470.000000 0.627248
471.000000 0.605236
472.000000 0.583555
473.000000 0.563149
474.000000 0.541859
475.000000 0.519947
476.000000 0.497873
477.000000 0.474980
478.000000 0.452505
479.000000 0.430766
480.000000 0.406689
481.000000 0.381557
482.000000 0.359637
483.000000 0.341135
484.000000 0.321608
485.000000 0.299913
486.000000 0.279795
487.000000 0.260494
488.000000 0.239971
489.000000 0.220512
490.000000 0.202407
491.000000 0.186897
492.000000 0.172944
493.000000 0.159701
494.000000 0.146054
495.000000 0.133133
496.000000 0.123523
497.000000 0.113474
498.000000 0.102592
499.000000 0.094307
500.000000 0.088964
501.000000 0.082549
502.000000 0.074962
503.000000 0.069153
504.000000 0.065970
505.000000 0.063237
506.000000 0.059477
507.000000 0.057872
508.000000 0.057885
509.000000 0.055055
510.000000 0.051307
511.000000 0.050150
512.000000 0.050570
513.000000 0.049537
514.000000 0.047533
515.000000 0.047168
516.000000 0.047146
517.000000 0.046762
518.000000 0.047323
519.000000 0.045301
520.000000 0.044010
521.000000 0.046659
522.000000 0.048235
523.000000 0.048529
524.000000 0.048440
525.000000 0.048599
526.000000 0.049053
527.000000 0.052558
528.000000 0.053649
529.000000 0.052865
530.000000 0.054803
531.000000 0.055958
532.000000 0.057768
533.000000 0.058782
534.000000 0.059286
535.000000 0.060874
536.000000 0.061584
537.000000 0.061614
538.000000 0.063909
539.000000 0.066479
540.000000 0.068048
541.000000 0.070369
542.000000 0.072917
543.000000 0.076663
544.000000 0.077790
545.000000 0.078436
546.000000 0.081881
547.000000 0.085450
548.000000 0.086876
549.000000 0.086732
550.000000 0.087697
551.000000 0.089064
552.000000 0.091430
553.000000 0.093893
554.000000 0.097634
555.000000 0.101136
556.000000 0.104136
557.000000 0.106493
558.000000 0.108762
559.000000 0.113450
560.000000 0.117899
561.000000 0.122144
562.000000 0.125904
563.000000 0.128369
564.000000 0.130905
565.000000 0.136266
566.000000 0.141834
567.000000 0.145816
568.000000 0.151744
569.000000 0.157449
570.000000 0.163726
571.000000 0.169341
572.000000 0.172953
573.000000 0.176717
574.000000 0.180951
575.000000 0.185794
576.000000 0.190451
577.000000 0.194873
578.000000 0.198860
579.000000 0.203369
580.000000 0.211023
581.000000 0.217763
582.000000 0.222138
583.000000 0.226942
584.000000 0.231344
585.000000 0.234383
586.000000 0.239354
587.000000 0.246233
588.000000 0.250006
589.000000 0.252658
590.000000 0.256844
591.000000 0.260727
592.000000 0.262887
593.000000 0.267078
594.000000 0.273831
595.000000 0.277911
596.000000 0.282296
597.000000 0.286890
598.000000 0.288461
599.000000 0.294445
600.000000 0.300139
601.000000 0.302738
602.000000 0.307760
603.000000 0.313321
604.000000 0.318747
605.000000 0.323446
606.000000 0.330662
607.000000 0.339810
608.000000 0.348830
609.000000 0.356603
610.000000 0.363462
611.000000 0.372501
612.000000 0.381654
613.000000 0.391871
614.000000 0.405091
615.000000 0.417457
616.000000 0.426383
617.000000 0.437281
618.000000 0.451043
619.000000 0.465449
620.000000 0.479806
621.000000 0.491739
622.000000 0.506395
623.000000 0.522638
624.000000 0.536047
625.000000 0.549110
626.000000 0.560577
627.000000 0.572003
628.000000 0.584628
629.000000 0.595751
630.000000 0.608060
631.000000 0.619563
632.000000 0.626063
633.000000 0.631127
634.000000 0.638608
635.000000 0.644012
636.000000 0.647014
637.000000 0.649630
638.000000 0.649948
639.000000 0.646032
640.000000 0.639347
641.000000 0.632567
642.000000 0.622172
643.000000 0.610892
644.000000 0.599132
645.000000 0.583562
646.000000 0.568233
647.000000 0.550596
648.000000 0.530327
649.000000 0.512329
650.000000 0.493031
651.000000 0.473129
652.000000 0.452278
653.000000 0.430965
654.000000 0.409951
655.000000 0.389302
656.000000 0.368782
657.000000 0.346827
658.000000 0.326153
659.000000 0.307938
660.000000 0.291122
661.000000 0.274178
662.000000 0.255624
663.000000 0.238797
664.000000 0.223442
665.000000 0.209770
666.000000 0.195249
667.000000 0.180540
668.000000 0.168124
669.000000 0.156783
670.000000 0.147680
671.000000 0.137897
672.000000 0.127379
673.000000 0.118904
674.000000 0.111507
675.000000 0.104457
676.000000 0.097592
677.000000 0.089800
678.000000 0.083467
679.000000 0.078815
680.000000 0.074176
681.000000 0.068096
682.000000 0.063475
683.000000 0.059743
684.000000 0.056131
685.000000 0.053449
686.000000 0.048747
687.000000 0.045553
688.000000 0.044845
689.000000 0.043663
690.000000 0.040794
691.000000 0.036581
692.000000 0.034149
693.000000 0.033181
694.000000 0.031257
695.000000 0.030685
696.000000 0.030251
697.000000 0.028490
698.000000 0.026536
699.000000 0.024394
700.000000 0.021626
