300.000000 0.128966
301.000000 0.106997
302.000000 0.099311
303.000000 0.096675
304.000000 0.092525
305.000000 0.086619
306.000000 0.081159
307.000000 0.080979
308.000000 0.081320
309.000000 0.078802
310.000000 0.076042
311.000000 0.074377
312.000000 0.074304
313.000000 0.075410
314.000000 0.076053
315.000000 0.078414
316.000000 0.080986
317.000000 0.080838
318.000000 0.082010
319.000000 0.085395
320.000000 0.090050
321.000000 0.097351
322.000000 0.102844
323.000000 0.104041
324.000000 0.105189
325.000000 0.107268
326.000000 0.110043
327.000000 0.114685
328.000000 0.120480
329.000000 0.125245
330.000000 0.129436
331.000000 0.135035
332.000000 0.141695
333.000000 0.146811
334.000000 0.150733
335.000000 0.156235
336.000000 0.163119
337.000000 0.170519
338.000000 0.177958
339.000000 0.184043
340.000000 0.189652
341.000000 0.194431
342.000000 0.199001
343.000000 0.205786
344.000000 0.214776
345.000000 0.222487
346.000000 0.228378
347.000000 0.236104
348.000000 0.242941
349.000000 0.250272
350.000000 0.259287
351.000000 0.268278
352.000000 0.278696
353.000000 0.288558
354.000000 0.297792
355.000000 0.308305
356.000000 0.317561
357.000000 0.327933
358.000000 0.338417
359.000000 0.348025
360.000000 0.360329
361.000000 0.369672
362.000000 0.379583
363.000000 0.391207
364.000000 0.405158
365.000000 0.421224
366.000000 0.436279
367.000000 0.450798
368.000000 0.464650
369.000000 0.479925
370.000000 0.495179
371.000000 0.508855
372.000000 0.521828
373.000000 0.537073
374.000000 0.549817
375.000000 0.563054
376.000000 0.579252
377.000000 0.592682
378.000000 0.605270
379.000000 0.619941
380.000000 0.635042
381.000000 0.648577
382.000000 0.661468
383.000000 0.673724
384.000000 0.688643
385.000000 0.702521
386.000000 0.714515
387.000000 0.728021
388.000000 0.741431
389.000000 0.755678
390.000000 0.768503
391.000000 0.780916
392.000000 0.792804
393.000000 0.803158
394.000000 0.813952
395.000000 0.824412
396.000000 0.835604
397.000000 0.846280
398.000000 0.856096
399.000000 0.865942
400.000000 0.875268
401.000000 0.885489
402.000000 0.893893
403.000000 0.903344
404.000000 0.912658
405.000000 0.920115
406.000000 0.926621
407.000000 0.934105
408.000000 0.943435
409.000000 0.950258
410.000000 0.955872
411.000000 0.961313
412.000000 0.967990
413.000000 0.975846
414.000000 0.983416
415.000000 0.986515
416.000000 0.990887
417.000000 0.998661
418.000000 1.003841
419.000000 1.005722
420.000000 1.008408
421.000000 1.010473
422.000000 1.012928
423.000000 1.014277
424.000000 1.015037
425.000000 1.016433
426.000000 1.018982
427.000000 1.020636
428.000000 1.018789
429.000000 1.017546
430.000000 1.015454
431.000000 1.014311
432.000000 1.012032
433.000000 1.007793
434.000000 1.005891
435.000000 1.004385
436.000000 1.001425
437.000000 0.998232
438.000000 0.994683
439.000000 0.989049
440.000000 0.981910
441.000000 0.975713
442.000000 0.970664
443.000000 0.961036
444.000000 0.949827
445.000000 0.939871
446.000000 0.930451
447.000000 0.920762
448.000000 0.907594
449.000000 0.892179
450.000000 0.875573
451.000000 0.857322
452.000000 0.840144
453.000000 0.824980
454.000000 0.807982
455.000000 0.791216
456.000000 0.773183
457.000000 0.751904
458.000000 0.733316
459.000000 0.717012
460.000000 0.699354
461.000000 0.682479
462.000000 0.665887
463.000000 0.648151
464.000000 0.631165
465.000000 0.614259
466.000000 0.595425
467.000000 0.577571
468.000000 0.560305
469.000000 0.541766
470.000000 0.521717
471.000000 0.502242
472.000000 0.484727
473.000000 0.467232
474.000000 0.449649
475.000000 0.430674
476.000000 0.411086
477.000000 0.391646
478.000000 0.372715
479.000000 0.352708
480.000000 0.329214
481.000000 0.305509
482.000000 0.286406
483.000000 0.271130
484.000000 0.254866
485.000000 0.236688
486.000000 0.218598
487.000000 0.201954
488.000000 0.184043
489.000000 0.166046
490.000000 0.150686
491.000000 0.137689
492.000000 0.125117
493.000000 0.113414
494.000000 0.102954
495.000000 0.091401
496.000000 0.080476
497.000000 0.072012
498.000000 0.065954
499.000000 0.060008
500.000000 0.054343
501.000000 0.047305
502.000000 0.039847
503.000000 0.037076
504.000000 0.034545
505.000000 0.029363
506.000000 0.025516
507.000000 0.023389
508.000000 0.020430
509.000000 0.017699
510.000000 0.016523
511.000000 0.016808
512.000000 0.016008
513.000000 0.012675
514.000000 0.011099
515.000000 0.012106
516.000000 0.010368
517.000000 0.008858
518.000000 0.009562
519.000000 0.007215
520.000000 0.004545
521.000000 0.004630
522.000000 0.007275
523.000000 0.008522
524.000000 0.005788
525.000000 0.004165
526.000000 0.004378
527.000000 0.004321
528.000000 0.002322
529.000000 0.002518
530.000000 0.004668
531.000000 0.004362
532.000000 0.005323
533.000000 0.004642
534.000000 0.003278
535.000000 0.004920
536.000000 0.003171
537.000000 -0.000068
538.000000 0.000707
539.000000 0.001768
540.000000 0.001901
541.000000 0.002385
542.000000 0.002406
543.000000 0.002498
544.000000 0.001621
545.000000 0.001057
546.000000 0.002232
547.000000 0.002710
548.000000 0.001544
549.000000 0.000881
550.000000 0.000286
551.000000 -0.000489
552.000000 0.001237
553.000000 0.002508
554.000000 0.002354
555.000000 0.000662
556.000000 0.001566
557.000000 0.003113
558.000000 0.002631
559.000000 0.002426
560.000000 0.002590
561.000000 0.003625
562.000000 0.003748
563.000000 0.001480
564.000000 -0.000647
565.000000 0.000410
566.000000 0.002024
567.000000 0.003126
568.000000 0.003496
569.000000 0.003467
570.000000 0.004338
571.000000 0.004240
572.000000 0.003785
573.000000 0.003528
574.000000 0.003289
575.000000 0.003117
576.000000 0.002671
577.000000 0.003168
578.000000 0.002171
579.000000 0.000605
580.000000 0.001844
581.000000 0.002934
582.000000 0.002222
583.000000 0.002200
584.000000 0.001302
585.000000 -0.000573
586.000000 0.000913
587.000000 0.003305
588.000000 0.001393
589.000000 -0.000018
590.000000 0.000559
591.000000 -0.000213
592.000000 -0.001129
593.000000 0.000460
594.000000 0.002181
595.000000 0.001044
596.000000 0.002928
597.000000 0.003601
598.000000 0.002289
599.000000 0.004744
600.000000 0.006311
601.000000 0.003833
602.000000 0.002806
603.000000 0.004027
604.000000 0.003782
605.000000 0.002909
606.000000 0.002961
607.000000 0.003924
608.000000 0.004403
609.000000 0.004532
610.000000 0.003264
611.000000 0.000951
612.000000 -0.000657
613.000000 -0.000855
614.000000 -0.000234
615.000000 0.001072
616.000000 -0.000006
617.000000 -0.000692
618.000000 0.001629
619.000000 0.001844
620.000000 0.001579
621.000000 0.000833
622.000000 -0.000127
623.000000 0.000385
624.000000 0.001845
625.000000 0.003176
626.000000 0.001240
627.000000 0.000124
628.000000 0.001606
629.000000 0.002888
630.000000 0.005140
631.000000 0.004979
632.000000 0.002092
633.000000 -0.000034
634.000000 0.000496
635.000000 0.001485
636.000000 0.000271
637.000000 -0.000009
638.000000 0.002389
639.000000 0.001780
640.000000 0.000229
641.000000 0.001825
642.000000 0.003025
643.000000 0.003222
644.000000 0.002967
645.000000 0.002208
646.000000 0.002540
647.000000 0.002290
648.000000 0.000940
649.000000 0.000719
650.000000 0.001259
651.000000 0.002864
652.000000 0.001938
653.000000 0.000783
654.000000 0.000975
655.000000 0.001867
656.000000 0.003083
657.000000 0.002167
658.000000 0.001917
659.000000 0.002471
660.000000 0.003022
661.000000 0.002363
662.000000 -0.000379
663.000000 0.000111
664.000000 0.002209
665.000000 0.000807
666.000000 0.000310
667.000000 0.001294
668.000000 0.000710
669.000000 0.000174
670.000000 0.000086
671.000000 -0.000640
672.000000 -0.000719
673.000000 -0.001158
674.000000 -0.001512
675.000000 0.000506
676.000000 0.001393
677.000000 0.000895
678.000000 0.000250
679.000000 0.001057
680.000000 0.003333
681.000000 0.002816
682.000000 0.002145
683.000000 0.001934
684.000000 0.002048
685.000000 0.001873
686.000000 0.000240
687.000000 0.000011
688.000000 0.000507
689.000000 0.001765
690.000000 0.002192
691.000000 0.001046
692.000000 0.001729
693.000000 0.002543
694.000000 0.001230
695.000000 0.000570
696.000000 0.000988
697.000000 0.001594
698.000000 0.001494
699.000000 0.000479
700.000000 -0.001913
